29 55.6752 97.4487 75.2132 56.5359 97.9412 75.4045 0.511606
52 47.2443 43.7261 29.3257 46.4501 44.0073 28.7687 0.855403
54 42.5079 44.8815 27.3047 42.2998 44.6319 26.3484 0.880422
68 44.4222 61.0236 24.6285 44.5671 61.8481 24.0636 0.880956
105 26.5478 69.8606 30.3564 26.9899 68.9922 30.0906 0.878571
113 17.4745 75.8975 20.7338 16.8064 76.4841 21.213 0.88525
137 18.9 55.6542 21.785 19.2439 56.1076 20.9506 0.922273
171 26.6473 47.2249 29.2031 26.5529 47.7059 28.32 0.875278
172 28.3284 45.7015 27.0636 28.484 46.3867 26.3379 0.947426
187 35.9723 57.9288 19.7696 35.318 58.5917 20.1603 0.907397
237 26.203 78.1494 38.1067 25.5028 77.4556 38.327 0.858488
253 11.3004 77.7264 37.802 10.5978 77.8779 38.5117 0.591223
254 8.32683 67.2262 37.3999 9.02935 67.9518 37.3976 0.850251
268 26.6292 66.596 47.8829 26.9885 67.5307 48.0149 0.933289
287 23.4055 83.9616 38.207 22.6666 83.7977 37.5382 0.930269
295 43.866 72.4715 34.6386 44.5341 73.1005 35.0605 0.943036